3, -1602224129
10, 54345021
11, -1566399838
12, 3
14, 1023410176
16, 370546198
19, 721430110
20, 1191182336
23, 1212696579
24, -1476394992
25, 1363273731
26, 15472
27, -1
29, 440903937
37, -1
38, -1
39, -1
40, -805306369
41, -134217729
42, -1
43, -1
44, -33
45, -16777217
46, -1
47, -1057228834
48, 2139094799
49, -100663297
50, -1281
51, -5505177
52, 2147483644
53, 18876926
54, 6144
55, -229632
56, 368572319
57, 69072816
58, 33030144
59, -483923592
60, 1320972267
61, -1
62, -1
63, -1
64, 1744830463
65, 1178528063
66, 999192184
67, -92274689
68, -129
69, -1
70, -6649
71, -8193
76, 1073741823
77, 2147483647
78, 1073741823
79, 1073741823
80, 1073741823
81, 1073741823
85, -1
89, 248
91, 1884583781
92, 1463077
93, 5921223
94, 997887
97, -1
99, 5
108, 60888205
109, 83914858
110, 939525124
111, 45
115, 6688
120, -1
123, 286785556
126, 536888078
127, 131
128, 67389678
135, -1
142, -1
161, 0
168, 3281698
170, 1686460800
178, 1
183, 177
186, -1
187, -1
188, -1
189, 4194337
190, 266
248, 1828
249, -1
250, -1
260, -1
261, -1
262, -1
269, 1072694275
270, 1072709631
271, 4193295
280, 221
281, 13
285, 12288
286, 3670272
287, 63488
288, 196744
289, 33484800
292, 67108864
293, 1024
295, 16648
299, -1
300, -1
304, -1
305, -1
306, -1
307, 13312
313, 192
414, 432
429, -1
432, 2
438, 31
439, 150
440, 234881221
441, 50331751
442, 452984925
443, 490119
446, -230735956
447, -230546493
448, 2134842496
449, 3839
452, 0
453, 4
454, 4
455, 0
456, 0
457, 1
458, 105254
459, 1
460, 4
461, 65535
462, 1
463, 1
465, 131072
468, 2048
476, -1
477, 27
481, 1556611301
607, 1841279
608, 128
610, -501186533
612, 3
613, 264
616, -1
623, -1
627, 272
659, 7921
662, 13
664, 2
674, -347758251
675, 80138600
676, 1441
682, 2621588
686, -1
687, -1
688, -1
698, -1
699, -1
700, -1
723, 128
727, 17
728, 65
729, 49
730, 97
731, 66
732, 114
733, 178
734, 53
735, 148
736, 19
737, 35
738, 162
739, 17
740, 81
741, 49
742, 18
743, 66
744, 113
745, 114
746, 161
747, 131
748, 19
749, 35
750, 148
751, 21
752, 245
753, 37
754, 85
755, 101
756, 133
757, 149
758, 165
759, 229
760, 20
761, 148
762, 19
763, 22
764, 2646
765, 70
766, 86
767, 54
768, 118
769, 150
770, 166
771, 131
772, 19
773, 35
774, 148
775, 17
776, 65
777, 49
778, 97
779, 66
780, 114
781, 178
782, 53
783, 148
784, 19
785, 35
786, 162
787, 17
788, 66
789, 49
790, 114
791, 51
792, 67
793, 53
794, 83
795, 19
796, 131
797, 35
798, 148
811, -1
812, -1
813, -1
814, -1
815, -1
816, -1
817, -1
818, -1
819, -1
820, -1
821, -1
822, -1
823, -1
824, -1
825, -1
826, -1
827, -1
828, -1
829, -1
830, -1
831, -1
832, -1
833, -1
834, -1
835, -1
836, -1
837, -1
838, -1
839, -1
840, -1
841, -1
842, -1
843, -1
844, -1
845, -1
846, -1
847, -1
848, -1
849, -1
850, -1
851, -1
852, -1
853, -1
854, -1
855, -1
856, -1
857, -1
858, -1
859, -1
860, -1
861, -1
862, -1
863, -1
864, -1
865, -1
866, -1
867, -1
868, -1
869, -1
870, -1
871, -1
872, -1
873, -1
874, -1
875, -1
876, -1
877, -1
878, -1
879, -1
880, -1
881, -1
882, -1
883, -1
884, -1
885, -1
886, -1
887, -1
888, -1
889, -1
890, -1
891, -1
892, -1
893, -1
894, -1
1069, 15956
1070, 16125
1071, 268325
1072, 2109985
1073, 98
1091, 56626341
1092, 134268928
1093, 117440512
1094, 939524095
1095, 430800
1096, -1946153380
1097, 29258
1098, 1023
1099, -1946154220
1100, 14559
1101, -1
1102, 108003311
1103, 1048507
1104, -1
1106, -1
1107, 32586
1115, 25282568
1116, 67110466
1117, 25282568
1120, 99
1128, 90
1131, 90
1132, 90
1133, 90
1140, 91
1141, 88
1145, 96
1153, 76
1156, 76
1157, 80
1158, 78
1165, 87
1166, 83
1168, -1
1169, -1
1170, -1
1172, 29303
1173, 805306368
1175, -1
1180, 60248
1184, 23048522
1191, 16803840
1199, 10
1229, 20480000
1231, 2302
1238, -1
1241, 67176426
1242, 503316484
1245, 1329
1247, 262145
1258, 165432
1261, 5301119
1262, -71959941
1263, -1180165893
1264, -909841
1265, -537011207
1266, -415367178
1267, 378477584
1268, -18128663
1269, 1817182083
1272, 1327422
1273, 236978176
1274, 1990710
1295, 1000
1297, 289
1302, -1
1305, 475090687
1316, -2080374782
1317, -1074790400
1318, 939921407
1319, -2110
1320, 774903311
1321, -1610616850
1322, 35024887
1323, 260768672
1324, 15790080
1325, 3770491
1335, 2
1336, 643072
1337, 10
1338, 123731968
1339, 15155266
1347, 1073741824
1350, 3
1351, 24576
1357, 98205696
1364, 912
1365, 999
1370, 1000
1380, 1000
1384, -1
1386, 270024705
1390, 1310761
1398, 1000
1408, 6292480
1415, 117441037
1419, 79
1421, 524288
1425, -536870400
1442, -1
1444, 268439751
1448, 1207959552
1449, 1310720
1450, 1023418625
1451, 5242880
1452, 1020912
1455, -1
1480, 260046849
1481, 1669349649
1482, 25381890
1483, 132
1488, 545259520
1489, 268435456
1490, -2147357111
1491, -1334305576
1492, 4194304
1493, 1040187392
1495, 497
1496, 115
1497, 476
1498, 174
1499, -1
1500, -1
1501, -1
1502, -1
1503, -1
1504, -1
1506, -1
1507, -1
1508, -1
1509, -1
1510, -1
1511, 2047
1512, -2042885856
1513, 2095679
1521, 393216
1522, 1949392768
1523, -805224443
1524, 393220
1525, 19534007
1526, 241
1531, 683606016
1532, -2147483648
1537, 19400235
1538, 4
1543, 273219603
1568, 2031411250
1569, 262559
1572, -2095645
1573, 1218445318
1574, 196423751
1575, 23101496
1579, 12
1581, -910163906
1602, -1
1604, -1
1606, 39
1608, -1
1609, -1
1611, -1878343482
1613, 5
1616, 8480
1619, -575143934
1620, 22444159
1624, 33559552
1651, 4
1656, 1713681162
1657, 1429866312
1658, 575756382
1659, 235072003
1660, 969
1661, -1
1663, 82040
1681, -2147474944
1686, 704643072
1696, 42
1697, 50089198
1701, -1
1705, 1116474816
1711, 238
1713, 5121
1720, -1
1725, 39084323
1728, 3
1731, 1602220750
1732, 478019616
1748, 225
1749, 1013
1750, -16912800
1751, 6192198
1752, 6185255
1753, 225
1754, 89
1760, -1
1761, -1
1762, -1
1763, -1
1764, -1
1765, -1
1766, -1
1767, -1
1768, 786433
1770, 1049600
1772, 753951
1773, 524296
1774, 8
1775, 7
1776, 333568
1777, 1073741829
1779, 1249902592
1780, 66437120
1784, -1
1785, 202
1787, 60
1788, 1
1789, 21
1793, 19398
1831, -1
1832, 138
1846, 3
1858, 14
1880, 5698
1881, 465573442
1891, 131072
1995, 3
2002, 122
2003, 237
2082, 130
2083, 5278384
2084, 671613056
2085, 65433
2087, 287816
2088, -1
2091, 12186106
2092, 873201741
2093, -1732968362
2094, 9308
2095, -614582870
2096, 50582101
2100, 19
2101, 200278848
2102, 15
2103, 422
2107, 627359854
2108, -1667056128
2109, 1401
2111, 32356
2135, 45
2137, 1542
2141, 536870912
2145, -936361106
2147, 118492196
2148, 90
2151, 1540111
2152, -971504863
2153, -449958233
2154, 14307
2155, -234829796
2156, 871810295
2157, 250
2160, -1610655752
2161, 8234
2163, 21
2164, 8
2165, 10
2170, 107679
2171, 61
2172, 131072
2173, 1025
2175, 6
2178, 7
2181, 693532
2182, 889254799
2183, 3
2187, -2147191866
2188, -767580161
2189, 1610731488
2197, 1
2198, 1511919164
2199, -701218664
2201, 11
2202, 2097767
2205, 9
2209, 982
2214, 165383860
2215, -1811939328
2216, 32
2227, 4
2230, 1627389248
2231, -2146959817
2232, -1073741824
2233, 525312
2238, 8388608
2239, -2147483648
2240, 1073741824
2243, -499716
2248, -2146390018
2250, 2013327168
2251, 1431974158
2253, 190
2254, 512
2260, 9413506
2261, 100
2262, 10
2264, 262176
2265, 75
2268, 10
2269, 16646212
2272, -1975926866
2274, 3
2276, 7
2277, 78024
2278, 6
2279, -1
2280, -1
2281, -1
2282, -1
2283, -1
2284, -1
2286, 6
2287, 18
2290, -14540291
2299, 32768
2300, 602144858
2303, -67084228
2323, 109051904
2324, 5
2325, 100
2326, 140
2328, 327680
2330, 10
2331, 5
2332, 16
2334, 603947580
2337, 1473
2338, 16777216
2339, 80
2347, 50
2348, 3199
2352, 33174
2353, 10
2355, 110
2357, 26
2358, 80937210
2359, 48
2360, 565162
2361, 295238748
2362, -1505826424
2364, 2
2369, 49353414
2371, 8388618
2372, 1237210
2373, -2017460024
2374, -1452835189
2375, 65536
2377, 75927792
2379, 1392486844
2380, 2016886654
2381, 539262
2383, 1297658
2384, 497218240
2386, 30
2387, 42
2388, 110
2390, 266205394
2392, 1114
2393, 4145
2395, 256
2397, 14
2406, 1072340476
2409, 496
2411, 33552394
2412, 35
2413, 20356
2416, 267037692
2417, 104813998
2419, 10
2422, 75167757
2426, 10
2427, 14941183
2430, -1119879280
2431, -389637291
2432, 2813445
2437, 2013274382
2438, 33554589
2441, -1090601024
2442, -1627913142
2443, 1553543780
2444, 33554103
2445, -2147482914
2446, 1736
2447, 33354
2449, -237420439
2453, 276824144
2454, -208678004
2460, 5
2470, -1755708848
2471, 68060672
2473, 3
2474, 127314788
2478, 3054299
2482, 1395472550
2483, 1796557056
2484, 12
2485, 2080915962
2486, 137689642
2492, 2
2498, 776135396
2500, 419300672
2501, 30
2504, 35976
2506, 32768
2507, 12509
2508, 7569410
2510, 100663296
2511, -2139095027
2512, 32291
2513, 39988160
2514, 21
2523, 1
2531, 168362084
2532, 24117253
2533, -1
2534, 34406400
2535, 16
2542, 4194304
2543, 160
2547, 7
2549, 110
2551, 6
2552, 4
2553, 5
2554, -1040318706
2570, 962080587
2579, 583024645
2580, -677293824
2581, -1585633275
2582, 60
2584, 20590
2585, 1621579088
2586, 1275068466
2592, 9
2594, 62
2595, 15
2596, 122787
2598, 1535402862
2599, 22368316
2600, 57147392
2604, -1
2605, -1
2606, -1
2607, -1
2608, -1
2609, -1
2610, -1
2611, -1
2612, -268435412
2613, 32894
2614, 538935428
2615, 9
2618, 15
2620, 85
2621, 60457455
2628, 45002763
2629, 119545864
2630, 113
2635, 6291546
2638, 754956991
2639, -702025233
2644, -1
2645, -1
2646, -1
2647, -1
2648, -1
2649, -1
2650, -1
2651, -1
2652, -1
2653, -1
2654, -1
2655, -1
2656, -1
2657, 1073190376
2658, 5974
2661, 9
2662, -1
2663, 11
2666, 2883924
2667, 64
2669, 2
2670, 512
2671, 285
2672, -964689922
2675, 1111806
2676, 389776306
2680, 58720346
2682, 616647058
2683, 100673
2689, 6
2692, 100
2693, 4
2694, 20872
2695, 4
2696, 110
2700, 12
2702, 3
2703, -764476036
2704, 1609826303
2706, 1024
2715, -2017034368
2719, 8282
2724, 1096839781
2728, 478826
2729, 240472075
2732, 11
2738, 5
2739, 4
2740, 160
2744, 1565921387
2745, 537005632
2747, 6
2762, 10
2772, 65
2773, 1
2774, 1346895872
2776, -1
2777, 9
2778, 316733730
2780, 5233754
2783, 5
2785, 1064747048
2786, 524264
2787, 21651467
2788, -2784780
2789, 1138813840
2793, 15
2796, 4
2797, 220
2799, 49312
2800, 6
2801, 84
2805, 1
2807, -1
2808, 1545570390
2810, 29
2816, 8192
2823, 18700
2841, 45188308
2843, 1022369803
2845, 5
2847, 59771808
2848, 76196522
2850, 2153931
2851, 3501
2852, 2109059359
2857, -858454
2858, 939515904
2860, 19910652
2861, 1073741824
2862, -2014195042
2863, 999142911
2872, 1067755519
2879, 241714
2880, -1431655766
2881, -1431655766
2882, -1431655766
2883, -1431655766
2884, 8388608
2885, 24576
2886, -893736236
2894, 99747536
2895, 1117885440
2897, 644041219
2898, -59
2900, 15
2911, 201326592
2914, -2147483648
2922, 173
2923, 491520
2926, 485
2932, 134217732
2934, -1275068416
2935, 402653182
2936, 12286
2937, 123728213
2943, 18
2947, -1
2956, -1
2957, -1
2958, -1
2974, 24
2975, -1
2982, 335544320
2985, -1
3002, 557057
3010, -2130665470
3013, -1
3014, -1
3015, -1
3016, -1
3017, 60
3018, 1409286144
3022, 243273728
3040, 17335360
3041, 2097152
3043, 2135306
3044, 4262
3045, -1
3066, 4522023
3067, 4259909
3068, 26693824
3075, -125829121
3076, -1072693249
3077, -1073725441
3078, 8192
3079, 4295
3083, -518127617
3084, 1015266884
3085, 268449920
3086, 840704
3087, 673325216
3088, 18053
3089, 1016
3090, 355703807
3091, 18557
3092, 306356545
3093, 16672
3094, 4595877
3095, 6179
3096, 2324
3098, -503914785
3099, 1010563071
3100, -2146975379
3101, 4194303
3103, 1342214885
3104, 1073862735
3105, 3114
3109, 15
3118, 109610371
3119, 79692339
3120, 67109129
3121, 624639
3138, 10152034
3139, 153391689
3145, 1033
3148, 1073799168
3149, 4
3154, 83
3158, 71823
3159, 8016767
3166, 6852608
3167, 1610612736
3170, -1
3173, 2070
3178, -1090519142
3180, 14680064
3181, 12582912
3184, 1
3185, 4
3214, 1073741824
3226, -1
3239, 20679
3240, -1476394412
3241, -1644164784
3242, -1543501547
3243, -1711273781
3244, -1409282728
3246, 52
3249, 1618999467
3252, -1
3253, -1
3254, -1
3255, -1
3256, -1
3257, -1
3258, -1
3259, 1536
3260, 3172660
3261, -3
3262, 1078984703
3263, 921536
3264, 1619017894
3266, 512
3267, 26
3274, 6530732
3276, 511305630
3277, 1073741845
3294, 204992938
3296, 536871424
3311, 712920
3325, 166280
3353, 262
3354, -1
3355, 76595452
3356, 143704312
3365, 50331648
3366, 19
3370, 18
3371, 32734
3372, 171
3378, 21
3379, 1531
3380, 2031621
3381, 138544132
3382, 884992
3383, 138543108
3384, 1278424
3394, 1769488
3400, 360518
3401, 10
3403, 3408267
3404, 4095
3405, 513
3421, 9
3423, 7
3425, 7
3426, 11
3427, 245767718
3428, 109382945
3429, 92616707
3431, 406929171
3432, 281218326
3437, 105153161
3438, 19435520
3439, 655362
3440, 258
3441, 6061
3442, 1267
3443, 1446
3444, 1077
3448, 2097152
3450, 1213833921
3451, 17217
3452, 255291
3453, 1024
3454, -1073741824
3455, 1073743872
3456, 266338304
3457, 267458063
3458, 1792
3467, -3556097
3468, 1524020639
3472, -1
3473, -1
3480, 64
3500, 67108864
3501, 4947419
3502, 1073741840
3506, -1
3515, 537395200
3516, 104857600
3518, 4089
3522, 4098
3524, 8194
3527, -735215622
3534, 307430381
3535, 253944
3538, -1
3550, -1
3551, -121
3573, -1
3574, -1
3575, -369098752
3587, 202477754
3588, 1146357888
3603, 109459457
3606, 402653700
3612, 89
3624, 3
3645, 640
3646, 1
3652, 1021134
3667, 1751121921
3668, 1879048192
3679, 524288
3680, 13
3691, 17285347
3695, -1
3696, -1
3697, -1
3698, -1
3699, -1
3704, 525
3705, 268435472
3708, 109200387
3709, 64
3814, 2
3820, 8192
3829, 17408
3831, 33554494
3832, 26747648
3841, 29
3843, 163840
3852, 8192
3857, -1
3858, -1
3859, 530220768
3860, 4163
3861, 536903696
3864, -1
3865, -1
3866, -1
3867, -1
3872, 1037556012
3873, 6427
3883, 1
3890, -1
3892, 5647
3906, -1
3920, 2
3924, -1
3925, 65532
3928, -1
3930, 165496
3933, 29360128