//king black dragon
50 - 2270 4701 0
18196 - 3133 3231 0
11226 - 9175 1125 0
6779 - 11584 2759 0
6779 - 11600 2763 0
6779 - 11602 2786 0
6779 - 11612 2778 0
6779 - 11619 2792 0
6779 - 11621 2802 0
6777 - 11624 2810 0
6774 - 11627 2808 0
6773 - 11631 2808 0
6778 - 11632 2806 0
6776 - 11633 2810 0
6776 - 11637 2813 0
6787 - 11600 2813 1
6786 - 11601 2812 1
7031 - 2499 2820 0
7081 - 2499 2860 0
7079 - 2501 2851 0
7078 - 2502 2838 0
7022 - 2503 2821 0
7039 - 2503 2824 0
7080 - 2508 2853 0
7021 - 2510 2822 0
5072 - 2510 2876 0
7031 - 2511 2819 0
7082 - 2516 2858 0
15240 - 2517 2840 0
5072 - 2517 2878 0
7039 - 2518 2824 0
15235 - 2518 2842 0
7024 - 2523 2823 0
7031 - 2525 2820 0
7091 - 2525 2852 0
7092 - 2526 2854 0
7031 - 2527 2818 0
7094 - 2527 2851 0
7093 - 2527 2853 0
5072 - 2527 2877 0
15236 - 2531 2850 0
15241 - 2533 2848 0
7039 - 2534 2821 0
7034 - 2536 2839 0
7025 - 2537 2820 0
7036 - 2538 2841 0
7032 - 2539 2838 0
7033 - 2541 2837 0
7031 - 2542 2819 0
7035 - 2542 2839 0
7026 - 2543 2822 0
7048 - 2545 2836 0
7051 - 2547 2852 0
7039 - 2548 2823 0
7104 - 2549 2852 0
7031 - 2551 2817 0
7042 - 2551 2863 0
7023 - 2552 2821 0
7050 - 2553 2837 0
7049 - 2553 2839 0
7043 - 2553 2862 0
7031 - 2554 2819 0
15242 - 2556 2858 0
7047 - 2557 2836 0
7031 - 2559 2819 0
7055 - 2559 2851 0
15237 - 2559 2858 0
7039 - 2560 2822 0
3402 - 2560 2842 0
7056 - 2560 2851 0
7041 - 2562 2863 0
7040 - 2563 2862 0
7031 - 2566 2820 0
7039 - 2570 2823 0
7062 - 2571 2840 0
7052 - 2571 2855 0
7031 - 2575 2818 0
7102 - 2576 2840 0
7031 - 2578 2819 0
7103 - 2579 2843 0
15238 - 2581 2866 0
7039 - 2582 2824 0
7103 - 2582 2843 0
15243 - 2583 2865 0
15044 - 2584 2856 0
7101 - 2585 2842 0
7099 - 2585 2844 0
7100 - 2586 2840 0
7031 - 2587 2819 0
7039 - 2588 2828 0
7031 - 2595 2821 0
7031 - 2595 2826 0
7057 - 2596 2845 0
15244 - 2596 2865 0
15239 - 2598 2864 0
7095 - 2609 2863 0
7096 - 2610 2865 0
7097 - 2611 2862 0
7098 - 2611 2864 0
7077 - 2617 2856 1
7066 - 2619 2856 1
7065 - 2621 2857 1
5614 - 3779 2826 0
5611 - 3784 2824 0
5635 - 3784 2843 0
5610 - 3785 2827 0
5668 - 3787 2824 0
5669 - 3787 2827 0
5614 - 3789 2817 0
5646 - 3792 2830 0
5634 - 3793 2851 0
5614 - 3794 2821 0
5644 - 3795 2845 0
7560 - 3796 2837 0
5642 - 3796 2858 0
5641 - 3799 2855 0
5650 - 3800 2835 0
5637 - 3803 2843 0
5665 - 3803 2848 0
5614 - 3808 2823 0
5627 - 3808 2845 0
5638 - 3810 2833 0
5628 - 3810 2843 0
5629 - 3811 2826 0
5627 - 3812 2846 0
5614 - 3812 2861 0
5614 - 3813 2822 0
5628 - 3813 2844 0
5627 - 3815 2844 0
5633 - 3815 2859 0
5640 - 3817 2824 0
5614 - 3818 2862 0
5627 - 3819 2839 0
5627 - 3819 2851 0
5614 - 3819 2870 0
5614 - 3821 2824 0
5628 - 3821 2837 0
5639 - 3824 2857 0
5631 - 3827 2833 0
5614 - 3831 2828 0
5609 - 3786 2824 1
5670 - 3786 2827 1
5671 - 3788 2826 1
5656 - 3794 2873 1
5658 - 3804 2873 1
5627 - 3819 2838 1
5628 - 3820 2840 1
5628 - 3820 2851 1
5627 - 3823 2836 1
5628 - 3823 2839 1
5627 - 3823 2846 1
5608 - 3786 2827 2
5672 - 3788 2825 2
5647 - 3803 2872 2
5659 - 3805 2874 2
5661 - 3794 2874 3
11665 - 11136 3147 0
11654 - 11137 3147 0
585 - 11137 3196 0
3915 - 11140 3146 0
2682 - 11147 3193 0
2682 - 11148 3191 0
1860 - 11150 3192 0
2682 - 11151 3191 0
2682 - 11152 3193 0
2727 - 11161 3146 0
2800 - 11173 3190 0
2795 - 11175 3196 0
325 - 11178 3176 0
2726 - 11186 3138 0
446 - 11186 3192 0
325 - 11188 3158 0
4924 - 11189 3192 0
604 - 11193 3144 0
380 - 11145 3147 1
4655 - 11146 3156 1
4653 - 11146 3157 1
8599 - 1875 3207 0
8599 - 1878 3210 0
8599 - 1880 3206 0
8599 - 1882 3208 0
8599 - 1886 3207 0
8593 - 1886 3231 0
8599 - 1891 3208 0
8599 - 1891 3251 0
8599 - 1892 3254 0
8599 - 1896 3250 0
8599 - 1897 3253 0
8599 - 1903 3250 0
8599 - 1903 3254 0
1588 - 2691 3215 0
1587 - 2692 3204 0
1587 - 2695 3216 0
112 - 2698 3206 0
4688 - 2699 3212 0
108 - 2715 3218 0
108 - 2719 3223 0
108 - 2720 3212 0
108 - 2722 3220 0
108 - 2724 3215 0
108 - 2729 3224 0
108 - 2733 3225 0
15470 - 2946 3208 0
15468 - 2947 3207 0
530 - 2947 3219 0
531 - 2948 3219 0
11597 - 2953 3224 0
154 - 2954 3210 0
153 - 2954 3227 0
180 - 2957 3239 0
154 - 2958 3202 0
153 - 2958 3213 0
154 - 2960 3221 0
11598 - 2965 3216 0
307 - 2968 3206 0
15466 - 2990 3240 0
15465 - 2991 3235 0
15460 - 2991 3237 0
15467 - 2994 3242 0
7276 - 2994 3256 0
11233 - 2995 3209 0
15473 - 2995 3231 0
7275 - 2995 3252 0
11235 - 2996 3201 0
7275 - 2996 3259 0
8638 - 2997 3216 0
15465 - 2997 3239 0
11237 - 2998 3205 0
11239 - 2999 3208 0
11241 - 2999 3211 0
13247 - 3001 3202 0
12356 - 3002 3206 0
12354 - 3002 3210 0
7276 - 3002 3250 0
6997 - 3002 3257 0
13249 - 3003 3205 0
13248 - 3004 3201 0
13250 - 3004 3209 0
2684 - 2965 3216 1
2683 - 2967 3215 1
5316 - 10689 3292 0
5298 - 10691 3286 0
5300 - 10692 3283 0
103 - 10693 3289 0
5345 - 10693 3294 0
348 - 10693 3315 0
355 - 10696 3318 0
353 - 10696 3326 0
5303 - 10698 3284 0
351 - 10699 3325 0
353 - 10701 3314 0
354 - 10702 3318 0
5318 - 10703 3287 0
352 - 10703 3322 0
717 - 10705 3294 0
363 - 10705 3315 0
348 - 10705 3325 0
373 - 10708 3274 0
6345 - 10710 3275 0
357 - 10710 3309 0
717 - 10710 3320 0
361 - 10711 3277 0
347 - 10715 3292 0
356 - 10715 3307 0
354 - 10716 3271 0
348 - 10718 3279 0
357 - 10718 3303 0
713 - 10718 3319 0
348 - 10720 3297 0
358 - 10721 3285 0
717 - 10722 3274 0
3216 - 10726 3273 0
348 - 10727 3288 0
717 - 10727 3296 0
347 - 10728 3294 0
729 - 10728 3308 0
362 - 10729 3324 0
347 - 10730 3321 0
3216 - 10731 3273 0
352 - 10732 3279 0
716 - 10732 3286 0
725 - 10732 3305 0
728 - 10732 3308 0
720 - 10734 3306 0
369 - 10734 3326 0
357 - 10735 3309 0
353 - 10737 3278 0
369 - 10737 3324 0
369 - 10737 3327 0
6339 - 10739 3277 0
371 - 10739 3326 0
348 - 10740 3287 0
371 - 10741 3322 0
360 - 10742 3272 0
357 - 10742 3319 0
371 - 10742 3326 0
357 - 10744 3319 0
371 - 10744 3323 0
369 - 10744 3326 0
369 - 10745 3322 0
369 - 10745 3324 0
349 - 10748 3266 0
350 - 10751 3266 0
711 - 10728 3314 1
370 - 10743 3324 1
370 - 10743 3327 1
372 - 10751 3303 1
372 - 10751 3305 1
719 - 10752 3288 0
2945 - 10754 3319 0
2949 - 10754 3320 0
885 - 10757 3268 0
15607 - 10760 3273 0
15611 - 10760 3280 0
890 - 10761 3272 0
887 - 10762 3275 0
20 - 10763 3306 0
20 - 10764 3299 0
20 - 10764 3303 0
888 - 10765 3268 0
8345 - 10765 3321 0
889 - 10766 3273 0
738 - 10766 3319 0
8468 - 10766 3321 0
20 - 10769 3308 0
20 - 10773 3286 0
20 - 10773 3299 0
23 - 10774 3297 0
20 - 10775 3292 0
15 - 10776 3305 0
15 - 10777 3289 0
15 - 10779 3291 0
7574 - 10784 3264 0
131 - 10784 3269 0
131 - 10786 3271 0
1469 - 10787 3277 0
8693 - 10788 3266 0
131 - 10788 3269 0
5445 - 10788 3270 0
7580 - 10789 3265 0
6891 - 10790 3272 0
132 - 10792 3275 0
1463 - 10792 3276 0
132 - 10792 3279 0
109 - 10793 3269 0
1463 - 10793 3276 0
1463 - 10793 3277 0
1463 - 10793 3278 0
107 - 10794 3267 0
7572 - 10794 3274 0
1463 - 10794 3279 0
1463 - 10794 3282 0
107 - 10795 3270 0
132 - 10795 3279 0
132 - 10795 3281 0
7571 - 10795 3284 0
109 - 10796 3272 0
1463 - 10796 3276 0
132 - 10796 3277 0
109 - 10797 3268 0
1463 - 10797 3280 0
1463 - 10797 3281 0
109 - 10798 3271 0
1463 - 10798 3280 0
5138 - 10799 3264 0
107 - 10799 3268 0
7573 - 10800 3279 0
128 - 10802 3274 0
128 - 10802 3275 0
28 - 10803 3269 0
1216 - 10803 3285 0
16867 - 10803 3301 0
1215 - 10804 3287 0
25 - 10804 3316 0
366 - 10804 3324 0
1215 - 10805 3287 0
590 - 10805 3294 0
290 - 10806 3306 0
24 - 10806 3318 0
80 - 10807 3266 0
128 - 10807 3276 0
591 - 10807 3292 0
128 - 10808 3275 0
128 - 10808 3276 0
95 - 10808 3283 0
31 - 10808 3308 0
289 - 10809 3299 0
80 - 10811 3265 0
7570 - 10811 3279 0
95 - 10812 3283 0
80 - 10813 3266 0
24 - 10813 3293 0
113 - 10814 3272 0
116 - 10814 3277 0
372 - 10753 3303 1
372 - 10753 3305 1
15629 - 10757 3269 1
20 - 10764 3292 1
4580 - 10764 3299 1
25 - 10766 3321 1
20 - 10769 3295 1
364 - 10769 3298 1
20 - 10770 3285 1
20 - 10773 3286 1
20 - 10773 3307 1
20 - 10774 3306 1
20 - 10776 3288 1
20 - 10776 3304 1
20 - 10777 3290 1
20 - 10778 3289 1
20 - 10778 3303 1
20 - 10779 3291 1
20 - 10780 3301 1
25 - 10813 3293 1
27 - 10766 3285 2
27 - 10766 3308 2
27 - 10774 3284 2
27 - 10774 3309 2
27 - 10780 3290 2
27 - 10780 3303 2
99 - 10816 3319 0
99 - 10816 3327 0
89 - 10821 3266 0
15 - 10821 3295 0
21 - 10822 3288 0
105 - 10824 3280 0
15 - 10824 3299 0
7563 - 10824 3313 0
105 - 10825 3274 0
89 - 10826 3265 0
845 - 10827 3311 0
4247 - 10831 3291 0
8081 - 10833 3283 0
99 - 10834 3314 0
843 - 10836 3274 0
843 - 10836 3276 0
99 - 10838 3325 0
843 - 10839 3271 0
21 - 10839 3306 0
32 - 10843 3307 0
23 - 10844 3318 0
23 - 10845 3300 0
2256 - 10845 3315 0
574 - 10847 3302 0
16880 - 10847 3310 0
495 - 10849 3280 0
494 - 10849 3283 0
494 - 10849 3286 0
2256 - 10849 3307 0
9167 - 10850 3273 0
9166 - 10851 3272 0
572 - 10851 3296 0
32 - 10851 3309 0
569 - 10851 3316 0
589 - 10852 3291 0
16653 - 10852 3306 0
32 - 10852 3309 0
32 - 10853 3309 0
32 - 10853 3317 0
32 - 10855 3301 0
18566 - 10855 3308 0
573 - 10856 3296 0
15785 - 10856 3305 0
32 - 10857 3300 0
6138 - 10857 3311 0
9169 - 10858 3273 0
9170 - 10858 3277 0
21 - 10859 3315 0
23 - 10861 3298 0
570 - 10861 3302 0
571 - 10861 3310 0
23 - 10863 3313 0
11271 - 10872 3290 0
11272 - 10874 3288 0
844 - 10875 3323 0
6386 - 10875 3326 0
381 - 10871 3275 1
4961 - 10875 3275 1
4953 - 10876 3274 1
5160 - 11392 3291 0
5161 - 11393 3296 0
1017 - 11396 3286 0
41 - 11397 3285 0
1017 - 11397 3286 0
41 - 11398 3285 0
758 - 11398 3290 0
1017 - 11400 3285 0
41 - 11400 3286 0
2252 - 11400 3301 0
4570 - 11401 3300 0
41 - 11402 3285 0
1017 - 11402 3286 0
46 - 11403 3322 0
708 - 11406 3281 0
2693 - 11406 3313 0
46 - 11406 3314 0
46 - 11406 3318 0
2693 - 11406 3320 0
11234 - 11407 3276 0
2693 - 11407 3303 0
46 - 11408 3314 0
11232 - 11409 3278 0
46 - 11410 3287 0
2693 - 11411 3285 0
2693 - 11411 3288 0
46 - 11415 3281 0
452 - 11415 3293 0
4315 - 11416 3286 0
1017 - 11417 3300 0
6113 - 11418 3283 0
2333 - 11418 3311 0
7 - 11419 3292 0
6114 - 11420 3282 0
1017 - 11420 3297 0
1017 - 11420 3299 0
6113 - 11421 3280 0
4317 - 11422 3285 0
41 - 11422 3298 0
41 - 11422 3299 0
46 - 11423 3271 0
1017 - 11423 3297 0
41 - 11423 3300 0
7565 - 11423 3320 0
7566 - 11423 3321 0
1017 - 11424 3299 0
46 - 11425 3267 0
46 - 11425 3270 0
1757 - 11425 3308 0
2693 - 11426 3267 0
2693 - 11426 3268 0
46 - 11427 3265 0
41 - 11427 3298 0
41 - 11429 3323 0
708 - 11432 3307 0
16678 - 11433 3273 0
12365 - 11435 3295 0
12363 - 11436 3289 0
12362 - 11439 3284 0
12364 - 11439 3287 0
1759 - 11442 3310 0
12362 - 11444 3288 0
3807 - 11446 3274 0
12363 - 11447 3278 0
12364 - 11448 3273 0
12365 - 11448 3292 0
12362 - 11450 3265 0
1756 - 11450 3315 0
1754 - 11450 3317 0
1755 - 11452 3317 0
12365 - 11453 3270 0
12362 - 11453 3282 0
12364 - 11453 3289 0
12363 - 11453 3292 0
12366 - 11454 3287 0
1758 - 11454 3325 0
5576 - 3072 3336 0
59 - 3075 3366 0
3021 - 3087 3352 0
5199 - 3093 3357 0
47 - 3099 3366 0
18564 - 3099 3369 0
5201 - 3099 3370 0
9352 - 3100 3360 0
47 - 3101 3355 0
152 - 3103 3347 0
152 - 3107 3337 0
152 - 3107 3342 0
152 - 3107 3344 0
152 - 3108 3346 0
9350 - 3108 3359 0
285 - 3110 3330 0
3291 - 3110 3367 0
152 - 3111 3339 0
152 - 3111 3348 0
9354 - 3113 3363 0
152 - 3115 3344 0
9354 - 3119 3366 0
152 - 3120 3344 0
152 - 3122 3335 0
9351 - 3122 3357 0
59 - 3135 3340 0
104 - 3094 3356 1
5349 - 3098 3359 1
5350 - 3099 3356 1
9354 - 3105 3369 1
9350 - 3107 3368 1
5351 - 3108 3358 1
9354 - 3114 3373 1
5352 - 3123 3357 1
3290 - 3110 3366 2
286 - 3110 3367 2
3328 - 3203 3344 0
708 - 3205 3355 0
5919 - 3205 3379 0
641 - 3208 3391 0
5920 - 3211 3378 0
5919 - 3211 3381 0
8873 - 3223 3367 0
8872 - 3223 3372 0
8874 - 3224 3370 0
8871 - 3225 3365 0
8871 - 3225 3374 0
8874 - 3228 3373 0
5148 - 3230 3346 0
8872 - 3230 3363 0
8873 - 3230 3365 0
8873 - 3230 3374 0
5926 - 3230 3391 0
8871 - 3232 3367 0
8872 - 3232 3372 0
5161 - 3233 3343 0
12371 - 3234 3345 0
5149 - 3234 3349 0
5148 - 3238 3345 0
43 - 3238 3349 0
708 - 3238 3390 0
42 - 3240 3342 0
2235 - 3240 3345 0
5161 - 3243 3347 0
12369 - 3245 3347 0
5160 - 3247 3344 0
12348 - 3254 3347 0
12348 - 3254 3352 0
12348 - 3256 3350 0
12348 - 3256 3355 0
12348 - 3258 3346 0
3264 - 3259 3338 0
12348 - 3259 3352 0
2260 - 3260 3383 0
12348 - 3261 3345 0
12348 - 3261 3349 0
12348 - 3261 3356 0
16853 - 3221 3385 1
16854 - 3221 3387 1
12346 - 3234 3385 1
643 - 3246 3384 1
16709 - 11392 3399 0
9362 - 11394 3424 0
551 - 11395 3397 0
546 - 11395 3433 0
359 - 11395 3435 0
548 - 11396 3417 0
2778 - 11396 3419 0
552 - 11397 3399 0
11475 - 11398 3400 0
13727 - 11400 3433 0
11269 - 11406 3425 0
523 - 11409 3411 0
547 - 11409 3435 0
5924 - 11410 3395 0
522 - 11410 3415 0
5925 - 11411 3432 0
781 - 11413 3434 0
783 - 11413 3435 0
756 - 11414 3397 0
11270 - 11414 3424 0
645 - 11415 3395 0
5909 - 11416 3402 0
16874 - 11416 3409 0
733 - 11418 3399 0
2792 - 11420 3412 0
549 - 11421 3438 0
5910 - 11422 3401 0
550 - 11424 3423 0
16710 - 11425 3394 0
12345 - 11426 3398 0
11 - 11427 3401 0
12345 - 11429 3406 0
12347 - 11430 3406 0
8124 - 11430 3412 0
13938 - 11432 3433 0
12345 - 11437 3395 0
5916 - 11442 3429 0
553 - 11443 3418 0
553 - 11444 3418 0
15785 - 11444 3426 0
5913 - 11445 3402 0
553 - 11445 3418 0
6135 - 11445 3429 0
5938 - 11445 3454 0
2759 - 11446 3418 0
5933 - 11446 3443 0
2759 - 11447 3418 0
5932 - 11447 3442 0
2759 - 11448 3418 0
8079 - 11448 3428 0
646 - 11449 3447 0
12346 - 11451 3404 0
5934 - 11451 3443 0
5935 - 11452 3442 0
5941 - 11452 3447 0
5947 - 11452 3452 0
5946 - 11453 3455 0
16709 - 11454 3410 0
368 - 11455 3407 0
5943 - 11455 3441 0
5984 - 11455 3452 0
5923 - 11423 3395 1
12347 - 11423 3399 1
5939 - 11445 3453 1
5940 - 11454 3442 1
2414 - 11455 3400 1
5930 - 11449 3454 2
5947 - 11453 3451 2
4405 - 11454 3455 2
681 - 3459 3457 0
681 - 3460 3462 0
681 - 3462 3459 0
681 - 3463 3490 0
681 - 3464 3511 0
681 - 3465 3466 0
681 - 3466 3495 0
681 - 3466 3497 0
681 - 3467 3485 0
681 - 3467 3497 0
681 - 3467 3509 0
681 - 3469 3470 0
681 - 3470 3469 0
681 - 3471 3477 0
6029 - 3474 3474 0
681 - 3474 3505 0
1040 - 3475 3497 0
681 - 3476 3507 0
6041 - 3479 3492 0
6042 - 3479 3498 0
681 - 3479 3511 0
681 - 3480 3468 0
681 - 3480 3470 0
681 - 3482 3469 0
6033 - 3483 3478 0
6039 - 3483 3495 0
681 - 3483 3511 0
681 - 3484 3464 0
6035 - 3485 3488 0
681 - 3485 3509 0
6026 - 3489 3490 0
681 - 3490 3461 0
6043 - 3490 3473 0
6027 - 3490 3474 0
681 - 3491 3460 0
1042 - 3493 3471 0
681 - 3494 3461 0
681 - 3494 3512 0
6030 - 3496 3476 0
6037 - 3497 3475 0
1920 - 3497 3478 0
6028 - 3497 3497 0
681 - 3498 3461 0
681 - 3499 3513 0
6034 - 3501 3493 0
681 - 3501 3513 0
681 - 3502 3464 0
6032 - 3502 3487 0
2020 - 3503 3477 0
681 - 3504 3463 0
681 - 3506 3512 0
681 - 3506 3515 0
681 - 3507 3515 0
681 - 3509 3512 0
681 - 3511 3488 0
8481 - 3511 3509 0
8482 - 3512 3509 0
681 - 3513 3467 0
681 - 3513 3487 0
681 - 3513 3489 0
681 - 3513 3503 0
681 - 3514 3490 0
681 - 3515 3495 0
681 - 3515 3499 0
681 - 3516 3469 0
6045 - 3479 3498 1
4246 - 3480 3484 1
6038 - 3490 3472 1
1041 - 3490 3503 1
6040 - 3498 3472 1
6036 - 3499 3474 1
1039 - 3499 3506 1
6044 - 3505 3491 1
1038 - 3507 3496 1
6031 - 3511 3482 1
1036 - 3514 3479 1
1036 - 3514 3481 1
11257 - 11618 3687 0
9716 - 11620 3698 0
11256 - 11621 3678 0
4732 - 11621 3701 0
16827 - 11622 3692 0
9714 - 11625 3680 0
9713 - 11631 3698 0
9711 - 11635 3698 0
9722 - 11648 3683 0
9723 - 11651 3655 0
9722 - 11655 3671 0
9723 - 11664 3681 0
13954 - 11664 3697 0
3464 - 11664 3698 0
11257 - 11666 3678 0
9719 - 11666 3691 0
13754 - 11680 3703 0
13752 - 11682 3702 0
13756 - 11682 3704 0
9718 - 11684 3648 0
9719 - 11689 3697 0
9715 - 11693 3696 0
13750 - 11697 3698 0
9717 - 11698 3679 0
9722 - 11702 3665 0
9718 - 11702 3705 0
9707 - 11705 3694 0
9722 - 3392 3713 0
9718 - 3393 3774 0
9723 - 3395 3757 0
9723 - 3418 3717 0
9723 - 3426 3753 0
9722 - 3428 3773 0
9710 - 3448 3720 0
9712 - 3452 3720 0
9723 - 3489 3762 0
9718 - 3505 3774 0
9722 - 3506 3731 0
9718 - 3515 3747 0
9717 - 3515 3760 0
1591 - 11083 3919 0
1592 - 11085 3929 0
1592 - 11085 3942 0
1592 - 11089 3951 0
1591 - 11093 3914 0
1592 - 11095 3954 0
1591 - 11102 3921 0
1592 - 11102 3954 0
1591 - 11112 3919 0
1592 - 11112 3952 0
1591 - 11121 3919 0
1591 - 11121 3935 0
1591 - 11121 3944 0
1592 - 11121 3952 0
6465 - 2764 4251 0
6450 - 2764 4266 0
6454 - 2765 4253 0
6417 - 2765 4264 0
6406 - 2765 4267 0
6487 - 2765 4268 0
6485 - 2766 4250 0
6432 - 2766 4255 0
6410 - 2766 4257 0
6439 - 2766 4265 0
6443 - 2767 4252 0
6421 - 2768 4254 0
6428 - 2768 4268 0
6430 - 2769 4236 0
6408 - 2770 4238 0
6419 - 2771 4237 0
6441 - 2771 4241 0
6452 - 2772 4235 0
6501 - 2772 4256 0
6463 - 2773 4238 0
6486 - 2774 4236 0
6502 - 2775 4247 0
6503 - 2775 4265 0
6443 - 2776 4250 0
6429 - 2776 4252 0
6441 - 2777 4252 0
6417 - 2777 4260 0
6459 - 2778 4264 0
6463 - 2779 4248 0
6454 - 2779 4256 0
6450 - 2781 4261 0
6460 - 2783 4251 0
6458 - 2784 4249 0
6459 - 2784 4252 0
6462 - 2785 4248 0
6463 - 2785 4250 0
6462 - 2786 4251 0
6461 - 2787 4250 0
6409 - 2787 4262 0
6489 - 2787 4266 0
6440 - 2789 4248 0
6460 - 2789 4264 0
6438 - 2790 4254 0
6461 - 2791 4249 0
6396 - 2791 4279 0
6449 - 2792 4252 0
6431 - 2792 4260 0
6409 - 2792 4275 0
6499 - 2793 4247 0
6500 - 2793 4265 0
6442 - 2795 4273 0
6484 - 2795 4276 0
6498 - 2796 4256 0
6464 - 2796 4267 0
6431 - 2796 4275 0
6420 - 2796 4277 0
6453 - 2797 4272 0
6418 - 2799 4243 0
6405 - 2799 4260 0
6449 - 2800 4254 0
6438 - 2800 4256 0
6462 - 2801 4242 0
6460 - 2801 4252 0
6416 - 2801 4258 0
6482 - 2801 4260 0
6451 - 2802 4243 0
6440 - 2802 4244 0
6407 - 2802 4246 0
6427 - 2802 4259 0
6483 - 2804 4246 0
6429 - 2805 4242 0
6488 - 2784 4255 1
3318 - 2401 4378 0
3345 - 2412 4370 0
3345 - 2416 4376 0
3345 - 2419 4374 0
3345 - 2420 4377 0
3345 - 2421 4370 0
11417 - 10565 4447 0
11420 - 10567 4448 0
534 - 10567 4449 0
11421 - 10568 4446 0
535 - 10568 4447 0
4422 - 10569 4450 0
11308 - 10569 4468 0
498 - 10571 4457 0
909 - 10571 4459 0
126 - 10573 4422 0
11419 - 10573 4423 0
126 - 10573 4425 0
4422 - 10573 4459 0
126 - 10574 4429 0
11422 - 10575 4456 0
126 - 10577 4419 0
11415 - 10578 4431 0
3322 - 10578 4439 0
4423 - 10579 4456 0
126 - 10580 4421 0
4422 - 10580 4425 0
126 - 10580 4428 0
4431 - 10580 4470 0
11416 - 10583 4453 0
11418 - 10585 4447 0
4422 - 10586 4440 0
154 - 10586 4453 0
154 - 10586 4457 0
11415 - 10587 4461 0
4424 - 10588 4455 0
11416 - 10588 4457 0
11419 - 10590 4447 0
4425 - 10590 4453 0
11317 - 10593 4452 0
154 - 10598 4447 0
11417 - 10600 4445 0
4455 - 10602 4434 0
5164 - 10602 4456 0
11421 - 10604 4437 0
3344 - 10604 4470 0
3344 - 10606 4467 0
5164 - 10607 4429 0
11419 - 10607 4438 0
3310 - 10607 4451 0
153 - 10607 4466 0
3344 - 10607 4475 0
3310 - 10608 4435 0
11416 - 10610 4437 0
4422 - 10610 4447 0
153 - 10611 4427 0
11416 - 10611 4465 0
3344 - 10611 4467 0
3344 - 10611 4474 0
153 - 10613 4468 0
3310 - 10615 4432 0
4423 - 10615 4461 0
6073 - 10616 4436 0
153 - 10618 4431 0
11419 - 10618 4433 0
6072 - 10618 4442 0
4422 - 10619 4461 0
11420 - 10623 4452 0
11418 - 10623 4457 0
5758 - 10885 5332 0
5765 - 10886 5333 0
5767 - 10887 5331 0
5828 - 10889 5316 0
5753 - 10889 5332 0
5827 - 10891 5329 0
5827 - 10891 5335 0
5777 - 10891 5348 0
5776 - 10891 5349 0
5783 - 10893 5348 0
6394 - 10895 5366 0
8656 - 10895 5367 0
5787 - 10896 5366 0
15624 - 10902 5362 0
5796 - 10903 5314 0
5752 - 10903 5331 0
5794 - 10904 5321 0
5764 - 10904 5342 0
5790 - 10907 5313 0
5772 - 10908 5359 0
5798 - 10909 5315 0
425 - 10909 5332 0
5770 - 10909 5359 0
5789 - 10910 5313 0
5767 - 10911 5331 0
5800 - 10911 5335 0
5780 - 10914 5313 0
5771 - 10914 5333 0
5781 - 10915 5321 0
5755 - 10915 5336 0
8654 - 10915 5359 0
424 - 10916 5359 0
5761 - 10917 5349 0
5758 - 10921 5329 0
5801 - 10922 5333 0
423 - 10923 5340 0
5757 - 10935 5358 0
5869 - 10936 5344 0
5827 - 10939 5342 0
5800 - 10939 5373 0
5766 - 10893 5352 1
5756 - 10894 5352 1
5786 - 10904 5369 1
5785 - 10918 5372 1
5799 - 10922 5365 1
5832 - 10922 5366 1
1722 - 10927 5344 1
439 - 10928 5346 1
1720 - 10929 5342 1
443 - 10929 5343 1
441 - 10929 5344 1
5887 - 10929 5351 1
5821 - 10932 5334 1
5807 - 10933 5334 1
5809 - 10933 5341 1
5803 - 10933 5344 1
5813 - 10934 5338 1
5782 - 10934 5339 1
5815 - 10935 5341 1
5805 - 10935 5345 1
5804 - 10936 5333 1
5819 - 10936 5336 1
5817 - 10936 5338 1
5811 - 10936 5342 1
5802 - 10936 5353 1
8655 - 10937 5353 1
5806 - 10938 5333 1
8969 - 4128 5917 0
7643 - 3587 9737 0
7637 - 3588 9768 0
7643 - 3592 9746 0
7639 - 3592 9766 0
7642 - 3595 9742 0
7642 - 3597 9751 0
7642 - 3598 9736 0
7643 - 3600 9740 0
7637 - 3600 9768 0
7639 - 3603 9770 0
7642 - 3604 9746 0
7643 - 3605 9738 0
7639 - 3605 9757 0
7637 - 3606 9780 0
7641 - 3607 9776 0
7640 - 3608 9780 0
7641 - 3610 9772 0
7640 - 3610 9777 0
7639 - 3611 9749 0
7639 - 3611 9766 0
7637 - 3612 9729 0
7637 - 3613 9764 0
7640 - 3613 9772 0
7637 - 3614 9740 0
7637 - 3614 9750 0
7641 - 3614 9778 0
7641 - 3615 9746 0
7639 - 3616 9737 0
7639 - 3616 9756 0
7639 - 3616 9762 0
7640 - 3617 9748 0
7640 - 3617 9758 0
7639 - 3617 9779 0
7636 - 3618 9736 0
7641 - 3618 9753 0
7641 - 3619 9748 0
7636 - 3620 9732 0
7637 - 3621 9748 0
7640 - 3621 9751 0
7639 - 3621 9754 0
7636 - 3624 9736 0
7636 - 3625 9738 0
7637 - 3629 9737 0
4702 - 11276 9957 0
134 - 11280 9945 0
4705 - 11280 9961 0
134 - 11281 9943 0
134 - 11282 9944 0
4703 - 11284 9958 0
93 - 11293 9956 0
181 - 11296 9942 0
93 - 11296 9948 0
93 - 11296 9955 0
181 - 11297 9936 0
7105 - 11298 9940 0
2547 - 11299 9943 0
93 - 11300 9951 0
93 - 11300 9954 0
181 - 11301 9931 0
181 - 11302 9941 0
7105 - 11303 9936 0
2547 - 11303 9939 0
93 - 11303 9954 0
93 - 11304 9958 0
2547 - 11306 9929 0
7105 - 11307 9925 0
7105 - 11307 9932 0
63 - 11310 9950 0
63 - 11310 9956 0
124 - 11310 9974 0
124 - 11311 9971 0
63 - 11312 9952 0
124 - 11312 9976 0
63 - 11314 9955 0
7110 - 11315 9929 0
63 - 11316 9951 0
124 - 11316 9974 0
63 - 11317 9958 0
63 - 11318 9948 0
7109 - 11319 9929 0
7111 - 11319 9933 0
63 - 11319 9956 0
63 - 11320 9954 0
7108 - 11322 9930 0
7112 - 11323 9934 0
7114 - 11324 9921 0
7106 - 11324 9926 0
7107 - 11325 9928 0
7113 - 11326 9935 0
18150 - 3127 3221 0
18150 - 3120 3221 0
18150 - 3126 3214 0
18150 - 3124 3212 0
18150 - 3118 3211 0
18150 - 3114 3213 0
18150 - 3113 3218 0
18150 - 3112 3222 0
18150 - 3118 3225 0
18151 - 3004 3406 0
18151 - 3009 3406 0
18151 - 3010 3401 0
18151 - 3002 3398 0
18151 - 2999 3404 0
18151 - 3004 3412 0
18151 - 3011 3410 0
18153 - 3308 3401 0
18153 - 3309 3407 0
18153 - 3302 3405 0
18153 - 3304 3411 0
18153 - 3312 3413 0
18153 - 3314 3403 0
18153 - 3312 3395 0
18153 - 3301 3392 0
18155 - 2728 3418 0
18155 - 2728 3410 0
18155 - 2736 3408 0
18155 - 2739 3415 0
18155 - 2745 3419 0
18155 - 2739 3422 0
18155 - 2728 3425 0
18155 - 2731 3404 0
18157 - 2771 3596 0
18157 - 2775 3600 0
18157 - 2776 3605 0
18157 - 2777 3592 0
18157 - 2771 3589 0
18157 - 2766 3592 0
18157 - 2763 3601 0
18159 - 2886 3054 0
18159 - 2893 3054 0
18159 - 2887 3050 0
18159 - 2880 3048 0
18159 - 2879 3056 0
18159 - 2883 3063 0
18159 - 2885 3058 0
18159 - 2883 3044 0
18159 - 2890 3042 0
18161 - 2419 2859 0
18161 - 2414 2863 0
18161 - 2420 2869 0
18161 - 2430 2867 0
18161 - 2430 2862 0
18161 - 2425 2857 0
18161 - 2425 2851 0
18161 - 2433 2857 0
18163 - 3460 3539 0
18163 - 3465 3544 0
18163 - 3460 3544 0
18163 - 3458 3532 0
18163 - 3464 3532 0
18163 - 3470 3532 0
18163 - 3471 3528 0
18163 - 3460 3527 0
18165 - 3402 3299 0
18165 - 3407 3302 0
18165 - 3408 3308 0
18165 - 3402 3311 0
18165 - 3398 3307 0
18165 - 3396 3301 0
18165 - 3400 3290 0
18165 - 3407 3288 0
18165 - 3403 3285 0
18167 - 3800 3551 0
18167 - 3802 3558 0
18167 - 3812 3556 0
18167 - 3811 3552 0
18167 - 3811 3544 0
18167 - 3807 3546 0
18167 - 3797 3548 0
18167 - 3795 3554 0
18169 - 3311 2662 0
18169 - 3308 2658 0
18169 - 3308 2652 0
18169 - 3311 2646 0
18169 - 3315 2652 0
18169 - 3321 2653 0
18169 - 3322 2658 0
18169 - 3319 2666 0
18169 - 3313 2667 0
18171 - 2272 3043 0
18171 - 2279 3042 0
18171 - 2287 3043 0
18171 - 2291 3050 0
18171 - 2285 3053 0
18171 - 2281 3054 0
18171 - 2275 3052 0
18171 - 2276 3046 0